x=[ 5  11  11  11  5  5  -2  -12  -12]

xx =[  -7  0    6  6  0 -7]
y=[18 4 -16 -6 -19 -9 -16 -11 9]
yy = [  9  13   9 -11 -14 -11 ]

x2 = [18 13 4  9 -16 -6  -19 -9  -16 ]
y2 = [5  -5 11 1 11 11 5 5 -2]



    
x2=[ 30.4043  25.4043   21.5712   11.5712   -22.356   -12.356   -16.5058 ]

y2=[ -0.349934    -10.3499     12.099       12.099       9.8753       9.8753       -13.0969    ]
    
x = [ 9.000000  9.000000   -11.000000  -11.000000]
y=[ -3.000000  6.000000 6.000000 -3.000000    ]
x=[17.000000  -17.000000 -17.000000 25.000000  ]

y=[6.000000 6.000000 -7.000000 -7.000000]

x=[25.4043 30.4043 21.5712 11.5712 -12.356 -22.356 -16.5058]
y=[-10.3499 -0.349934 12.099 12.099 9.8753 9.8753  -13.0969]

x2=[30.4043 21.5712  11.5712  -22.356  -12.356  -21.5058 -16.5058 ]
y2=[-0.349934 12.099 12.099 9.8753 9.8753 -3.09687 -13.0969]

x2 = [25.4043  30.4043  21.5712  11.5712  -12.356  -22.356  -16.5058 ]
y2 =[-10.3499 -0.349934 12.099 12.099 9.8753 9.8753 -13.0969]
